var data = [];
data[0]=[50.468719,2.991812];
data[1]=[50.462033,2.986689];
data[2]=[50.460009,2.990777];